# GIMP colorrc
# 
# This file holds a list of recently used colors.

(color-history
    (color-rgba 0.9686274528503418 0.92941176891326904 0.92941176891326904 1)
    (color-rgba 0.25098037719726562 0.32549020648002625 0.29803922772407532 1)
    (color-rgba 0 0 0 1)
    (color-rgba 0.96762589928057552 0.92866109796726382 0.92866109796726382 1)
    (color-rgba 0.35294117647058826 0.41960784313725491 0.38823529411764707 6.5153376184894917e-310)
    (color-rgba 0.35294117647058826 0.41960784313725491 0.38823529411764707 1)
    (color-rgba 0.33156764507293701 0.39567717909812927 0.36546668410301208 1)
    (color-rgba 0.35370376706123352 0.4183887243270874 0.38784044981002808 1)
    (color-rgba 0.50776791572570801 0.60590112209320068 0.58103370666503906 1)
    (color-rgba 0.5715782642364502 0.64107602834701538 0.60779702663421631 1)
    (color-rgba 0.20000000298023224 0.20000000298023224 0.20000000298023224 1)
    (color-rgba 0.80000001192092896 0.80000001192092896 0.80000001192092896 1)
    (color-rgba 0.52941179275512695 0.87058824300765991 0.80392158031463623 1)
    (color-rgba 0.80392158031463623 0.52941179275512695 0.87450981140136719 1)
    (color-rgba 0.36862745881080627 0.55294120311737061 0.82745099067687988 1)
    (color-rgba 1 0.70196080207824707 0.5058823823928833 1)
    (color-rgba 0.52941179275512695 0.87058824300765991 0.67058825492858887 1)
    (color-rgba 0.99607843160629272 0.50196075439453125 0.5058823823928833 1)
    (color-rgba 0.40000000596046448 0.40000000596046448 0.40000000596046448 1)
    (color-rgba 0.60000002384185791 0.60000002384185791 0.60000002384185791 1)
    (color-rgba 0.37254902720451355 0.82745099067687988 0.73725491762161255 1)
    (color-rgba 0.73725491762161255 0.37254902720451355 0.82352942228317261 1)
    (color-rgba 0.37254902720451355 0.82352942228317261 0.55294120311737061 1)
    (color-rgba 1 0.3333333432674408 0.3333333432674408 1)
    (color-rgba 1 0.60000002384185791 0.33725491166114807 1)
    (color-rgba 0.21960784494876862 0.44313725829124451 0.78431373834609985 1)
    (color-rgba 0.73741007194244612 0.71266476751484731 0.71266476751484731 1)
    (color-rgba 0.83453237410071945 0.83453237410071945 0.83453237410071945 1)
    (color-rgba 0.94244604316546765 0.94244604316546765 0.94244604316546765 1)
    (color-rgba 1 1 1 1)
    (color-rgba 1 1 1 4.6663864120431995e-310)
    (color-rgba 0.023529411764705882 0 0.10980392156862745 1)
    (color-rgba 0.019014734774827957 0 0.1061900332570076 1)
    (color-rgba 0.023529411764705882 0 0 1)
    (color-rgba 0.91764705882352937 0.32941176470588235 0.12941176470588237 1)
    (color-rgba 0.97254901960784312 0.97647058823529409 0 1)
    (color-rgba 0.97254901960784312 0.97647058823529409 0 6.9530811095319396e-310)
    (color-rgba 0 0.55882352941176494 1 1)
    (color-rgba 0.10196078431372549 0.10196078431372549 0.10196078431372549 1)
    (color-rgba 0.52549019607843139 0.74509803921568629 0.2627450980392157 1)
    (color-rgba 0.28235294117647058 0.72549019607843135 0.7803921568627451 1)
    (color-rgba 1 0 0 1)
    (color-rgba 0.67647058823529438 0 1 1)
    (color-rgba 0.02166064981949456 0.0015991083759358401 0.0015991083759358401 1)
    (color-rgba 0.87058800000000003 0.32549 0.27843099999999998 1)
    (color-rgba 0 0.47058823529411764 1 1)
    (color-rgba 0.17647099999999999 0.78039199999999997 0.99215699999999996 0)
    (color-rgba 0.73725499999999999 0.24313699999999999 0.16470599999999999 1)
    (color-rgba 0.129412 0.45882400000000001 0.60784300000000002 1)
    (color-rgba 0.78039199999999997 0.403922 0.40784300000000001 1)
    (color-rgba 1 1 1 1)
    (color-rgba 1 1 1 1))

# end of colorrc
